0RDEBLIQC900000    0040832883202312151802                                                                                                                                                                                                                                                                  *
100716684700005 004083288345407300525838960000015214122308712 000000000490000  000000020633082000000020633082 1137904937         000                             00                             98830000100000200000000000000000151223      01                                                             *
100716684700005 004083288345407300525838960000015314122308681 000000002780000  000000020633082000000020633082 1137904937         000                             00                             98830000100000300000000000000000151223      01                                                             *
100716684700005 004083288345483200266536600000858314122314107 000000000171000  000000033976986000000033976986 1083276823         000                             00                             98830000100000500000000000000000151223      02                                                             *
100716684700005 004083288341270500002541310001055514122377777 000000000198000  000000041590933000000041590933 1116016783         000                             00                             98830000100001500000000000000000151223      02                                                             *
100716684700005 004083288341270500002541310001055614122377777 000000000210000  000000041590933000000041590933 1116016783         000                             00                             98830000100001600000000000000000151223      02                                                             *
100716684700005 004083288341642500003429280001153014122308685 000000000410000  000000027598104000000027598104 1076902346         000                             00                             98830000100002100000000000000000151223      02                                                             *
100716684700005 004083288345559900248501930001156914122308893 000000000200000  000000092462456000000092462456 0938834544         000                             00                             98830000100002204555990026755036151223      03                                                             *
100716684700005 004083288347654000020650910001242614122377777 000000000460000  000000024915823000000024915823 1016390660         000                             00                             98830000100002900000000000000000151223      02                                                             *
100716684700005 004083288345484600079618390001291414122309591 000000000540000  000000031596512000000031596512 0956208525         000                             00                             98830000100003100000000000000000151223      02                                                             *
100716684700005 004083288345483230035051760001302614122308852 000000000200000  000000018048688000000018048688 1053357686         000                             00                             98830000100003300000000000000000151223      01                                                             *
100716684700005 004083288345407300427795620001308614122309171 000000000410000  000000010313736000000010313736 0972737513         000                             00                             98830000100003504540730061592805151223      04                                                             *
100716684700005 004083288345484600083670930001309814122308878 000000000390000  000000018093024000000018093024 0589912840         000                             00                             98830000100003800000000000000000151223      01                                                             *
100716684700005 004083288340291829392776410001312914122372554 000000000540000  000000037983366000000037983366 1117201384         000                             00                             98830000100003900000000000000000151223      03                                                             *
100716684700005 004083288340291827333145330001313714122317427 000000000500000  000000037052710000000037052710 1026417342         000                             00                             98830000100004204029182626700434151223      03                                                             *
100716684700005 004083288340291831748843720001337714122311152 000000000690000  000000036495193000000036495193 1083336963         000                             00                             98830000100004400000000000000000151223      03                                                             *
100716684700005 004083288343049680024038900001338114122318137 000000000475000  000000032469499000000032469499 0742193309         000                             00                             98830000100004500000000000000000151223      01                                                             *
100716684700005 004083288345483200237641890001351614122309000 000000000380000  000000017760030000000017760030 0958544212         000                             00                             98830000100005104548323003379754151223      02                                                             *
100716684700005 004083288345483200237641890001351714122308975 000000000380000  000000017760030000000017760030 0958544212         000                             00                             98830000100005204548323003379754151223      02                                                             *
100716684700005 004083288345483200257158170001353214122308883 000000000380000  000000041549407000000041549407 1047656151         000                             00                             98830000100005304548460011316244151223      02                                                             *
100716684700005 004083288340291820190379980001357214122391607 000000000560000  000000035801536000000035801536 1039366019         000                             00                             98830000100005400000000000000000151223      03                                                             *
100716684700005 004083288345084300405817440001357314122312317 000000000170000  000000023784482000000023784482 1097470514         000                             00                             98830000100005500000000000000000151223      02                                                             *
100716684700005 004083288345483200257461680001357814122309091 000000000220000  000000025561914000000025561914 1047785745         000                             00                             98830000100005600000000000000000151223      01                                                             *
100716684700005 004083288345464000759988930001358014122308945 000000000429000  000000037388338000000037388338 1081196325         000                             00                             98830000100005700000000000000000151223      02                                                             *
100716684700005 004083288345483200267476780001358414122310050 000000000160000  000000029937374000000029937374 0430538845         000                             00                             98830000100005800000000000000000151223      01                                                             *
100716684700005 004083288340291847210885250001358514122399746 000000000559000  000000036217659000000036217659 0862377768         000                             00                             98830000100005900000000000000000151223      03                                                             *
100716684700005 004083288345483200261623320001358914122309240 000000000320000  000000020043247000000020043247 1069834380         000                             00                             98830000100006000000000000000000151223      02                                                             *
100716684700005 004083288345484600094795740001359114122377777 000000000210000  000000033367744000000033367744 0868269609         000                             00                             98830000100006104548460012130594151223      02                                                             *
100716684700005 004083288345484600043888950001359814122309187 000000000560000  000000039763177000000039763177 0747387620         000                             00                             98830000100006200000000000000000151223      02                                                             *
100716684700005 004083288347937580007409080001361414122309141 000000000420000  000000033747037000000033747037 0726671641         000                             00                             98830000100006300000000000000000151223      01                                                             *
100716684700005 004083288340291886813312390001364314122360610 000000000510000  000000017180285000000017180285 0921262581         000                             00                             98830000100006400000000000000000151223      03                                                             *
100716684700005 004083288345407300362965240001366114122311657 000000000260000  000000094864205000000094864205 0959470994         000                             00                             98830000100006500000000000000000151223      01                                                             *
100716684700005 004083288343383000104681960001366914122313262 000000000220000  000000018752505000000018752505 0343287333         000                             00                             98830000100006600000000000000000151223      01                                                             *
100716684700005 004083288340291878401552320001367414122305519 000000000600000  000000025076673000000025076673 0823071490         000                             00                             98830000100006704029181680166532151223      03                                                             *
100716684700005 004083288341642500001897660001369114122308924 000000000350000  000000038168081000000038168081 0850089480         000                             00                             98830000100006800000000000000000151223      02                                                             *
100716684700005 004083288341642500002398680001369414122308816 000000000550000  000000035205007000000035205007 0930667137         000                             00                             98830000100006900000000000000000151223      02                                                             *
100716684700005 004083288345084380034876680001373014122309097 000000000340000  000000016471160000000016471160 0973914713         000                             00                             98830000100007100000000000000000151223      03                                                             *
100716684700005 004083288345483200278533500001379814122311087 000000000200000  000000030801044000000030801044 1123946785         000                             00                             98830000100007200000000000000000151223      01                                                             *
100716684700005 004083288345484600094656800001380114122313067 000000000410000  000000041386757000000041386757 1047666855         000                             00                             98830000100007304548460011313639151223      02                                                             *
100716684700005 004083288345484600090754220001383014122308818 000000000180000  000000035868332000000035868332 0676325412         000                             00                             98830000100007400000000000000000151223      01                                                             *
100716684700005 004083288345483200268302680001389214122309430 000000000410000  000000033295372000000033295372 1095930616         000                             00                             98830000100007500000000000000000151223      02                                                             *
100716684700005 004083288340291838694034130001394214122381104 000000000490000  000000034045269000000034045269 0687013201         000                             00                             98830000100007600000000000000000151223      03                                                             *
100716684700005 004083288345485030010263880001394414122309207 000000000200000  000000016477677000000016477677 0208632579         000                             00                             98830000100007700000000000000000151223      02                                                             *
100716684700005 004083288345485000091209730001394514122309468 000000000520000  000000017690527000000017690527 0257869726         000                             00                             98830000100007800000000000000000151223      02                                                             *
100716684700005 004083288345483200177690120001394614122310109 000000000459000  000000028990171000000028990171 0747431242         000                             00                             98830000100007900000000000000000151223      02                                                             *
100716684700005 004083288345483200101456810001394714122309547 000000000429000  000000036797693000000036797693 0523973151         000                             00                             98830000100008000000000000000000151223      02                                                             *
100716684700005 004083288345484600095698530001401114122308926 000000000490000  000000031520342000000031520342 0604017172         000                             00                             98830000100008300000000000000000151223      02                                                             *
100716684700005 004083288345483200262719920001401414122309782 000000000550000  000000037388212000000037388212 0549010474         000                             00                             98830000100008404548460011450373151223      03                                                             *
100716684700005 004083288345483200262719920001401514122309287 000000000260000  000000037388212000000037388212 0549010474         000                             00                             98830000100008504548460011450373151223      03                                                             *
100716684700005 004083288340291892179600610001405114122326212 000000000340000  000000035041420000000035041420 0713454927         000                             00                             98830000100008600000000000000000151223      03                                                             *
100716684700005 004083288340291874963753570001405514122307276 000000000170000  000000030305985000000030305985 0784363263         000                             00                             98830000100008704029187765155985151223      03                                                             *
100716684700005 004083288341641700082437480001406914122308394 000000000150000  000000020839395000000020839395 0881552250         000                             00                             98830000100008804164170013525097151223      01                                                             *
100716684700005 004083288341641780003722250001420114122308730 000000000200000  000000032606122000000032606122 0660196978         000                             00                             98830000100008904164170013170076151223      02                                                             *
100716684700005 004083288345483200084243460001420914122309153 000000000460000  000000026456213000000026456213 0480794503         000                             00                             98830000100009000000000000000000151223      02                                                             *
100716684700005 004083288345483200257830880001422714122308663 000000000200000  000000024641274000000024641274 0375626438         000                             00                             98830000100009100000000000000000151223      02                                                             *
100716684700005 004083288340291862774998080001425114122339729 000000000520000  000000038541171000000038541171 1026638600         000                             00                             98830000100009300000000000000000151223      03                                                             *
100716684700005 004083288344912800004256660001425514122319697 000000000300000  000000028214430000000028214430 0858651234         000                             00                             98830000100009404491280000623195151223      03                                                             *
100716684700005 004083288341641700053801210001429014122309008 000000000820000  000000029693465000000029693465 0717687998         000                             00                             98830000100009500000000000000000151223      01                                                             *
100716684700005 004083288345483200280417570001432214122309959 000000000450000  000000034949573000000034949573 0863317679         000                             00                             98830000100009600000000000000000151223      01                                                             *
100716684700005 004083288345484600073266600001434414122309327 000000000410000  000000022495765000000022495765 0295068943         000                             00                             98830000100009800000000000000000151223      02                                                             *
100716684700005 004083288345483200266536600001434614122308770 000000000510000  000000033976986000000033976986 1083276823         000                             00                             98830000100009900000000000000000151223      02                                                             *
100716684700005 004083288340291820190379980001435214122357291 000000000559000  000000035801536000000035801536 1039366019         000                             00                             98830000100010000000000000000000151223      03                                                             *
100716684710005 004083288345483200219952800001435314122312498 000000000520000  000000038376744000000038376744 0907425663         000                             00                             98830010100010200000000000000000151223      02                                                             *
100716684710005 004083288345483200183668000001435914122309715 000000000650000  000000022601283000000022601283 0777656891         000                             00                             98830010100010300000000000000000151223      01                                                             *
100716684710005 004083288340291847210885250001436114122397721 000000000520000  000000036217659000000036217659 0862377768         000                             00                             98830010100010400000000000000000151223      03                                                             *
100716684710005 004083288340291847210885250001436214122354130 000000000520000  000000036217659000000036217659 0862377768         000                             00                             98830010100010500000000000000000151223      03                                                             *
100716684710005 004083288345483200276481150001437214122308919 000000000499000  000000041340020000000041340020 1118099436         000                             00                             98830010100010600000000000000000151223      02                                                             *
100716684710005 004083288345083200195673540001437914122309715 000000000250000  000000025067879000000025067879 0795819874         000                             00                             98830010100010700000000000000000151223      02                                                             *
100716684710005 004083288345445120005616460001441014122308697 000000000450000  000000012038278000000012038278 0906116672         000                             00                             98830010100010900000000000000000151223      03                                                             *
100716684710005 004083288345083200257571630001447314122308591 000000000599000  000000029515708000000029515708 1116067255         000                             00                             98830010100011000000000000000000151223      02                                                             *
100716684710005 004083288340291829392776410001465114122308363 000000000730000  000000037983366000000037983366 1117201384         000                             00                             98830010100011100000000000000000151223      03                                                             *
100716684710005 004083288345485030027286690001465714122309121 000000000190000  000000017370360000000017370360 0263767713         000                             00                             98830010100011204548460011756431151223      02                                                             *
100716684710005 004083288345484600059224030001467014122309131 000000000580000  000000040022312000000040022312 0889995864         000                             00                             98830010100011400000000000000000151223      01                                                             *
100716684710005 004083288345484600060140280001467314122308757 000000000600000  000000029154949000000029154949 0893288121         000                             00                             98830010100011500000000000000000151223      02                                                             *
100716684710005 004083288345485030009965730001467514122350628 000000000300000  000000016303901000000016303901 0389018690         000                             00                             98830010100011600000000000000000151223      02                                                             *
100716684710005 004083288340291808744470210001467914122335619 000000000550000  000000034206631000000034206631 0483449653         000                             00                             98830010100011704029189537164709151223      03                                                             *
100716684710005 004083288345485000169116200001468614122312740 000000000778000  000000026409773000000026409773 0282059259         000                             00                             98830010100011800000000000000000151223      03                                                             *
100716684710005 004083288345483200154776670001469314122308614 000000000550000  000000028484071000000028484071 0682542973         000                             00                             98830010100011900000000000000000151223      02                                                             *
100716684710005 004083288345484600111192420001474914122308800 000000000690000  000000020400799000000020400799 1168417480         000                             00                             98830010100012000000000000000000151223      02                                                             *
100716684710005 004083288345483200274285830001475114122308804 000000000720000  000000038665476000000038665476 1111360977         000                             00                             98830010100012100000000000000000151223      01                                                             *
100716684710005 004083288345407300427795620001480114122311747 000000000190000  000000010313736000000010313736 0972737513         000                             00                             98830010100012404540730061592805151223      04                                                             *
100716684710005 004083288345407300451813780001480414122308530 000000000610000  000000030773563000000030773563 1039200308         000                             00                             98830010100012500000000000000000151223      04                                                             *
100716684710005 004083288340291850002950790001482114122362297 000000000570000  000000013161589000000013161589 0678319824         000                             00                             98830010100012604029188438334254151223      03                                                             *
100716684710005 004083288345483200237641890001484114122309142 000000000350000  000000017760030000000017760030 0958544212         000                             00                             98830010100012704548323003379754151223      02                                                             *
100716684710005 004083288345097901277198090001485614122310574 000000000220000  000000025406788000000025406788 0567633109         000                             00                             98830010100012804509950234828113151223      01                                                             *
100716684710005 004083288345483200237641890001488614122308909 000000000290000  000000017760030000000017760030 0958544212         000                             00                             98830010100012904548323003379754151223      02                                                             *
100716684710005 004083288344912800005311330001490614122311361 000000000870000  000000022486116000000022486116 0137513510         000                             00                             98830010100013000000000000000000151223      02                                                             *
100716684710005 004083288344912800000891730001491114122308442 000000000780000  000000023988507000000023988507 0481974542         000                             00                             98830010100013100000000000000000151223      03                                                             *
100716684710005 004083288344912800002647270001491714122309323 000000000300000  000000035058119000000035058119 0796765930         000                             00                             98830010100013200000000000000000151223      03                                                             *
100716684710005 004083288340291818806179950001492514122369305 000000000350000  000000024052895000000024052895 0687716018         000                             00                             98830010100013300000000000000000151223      03                                                             *
100716684710005 004083288341641780005575020001493614122311317 000000000870000  000000030288426000000030288426 0917267228         000                             00                             98830010100013400000000000000000151223      01                                                             *
100716684710005 004083288340291827743281520001495714122323149 000000000730000  000000039722002000000039722002 1100183149         000                             00                             98830010100013700000000000000000151223      03                                                             *
100716684710005 004083288345485030027286690001501114122313813 000000000950000  000000017370360000000017370360 0263767713         000                             00                             98830010100013804548460011756431151223      02                                                             *
100716684710005 004083288345484600073266600001502814122309328 000000000950000  000000022495765000000022495765 0295068943         000                             00                             98830010100013900000000000000000151223      02                                                             *
100716684710005 004083288343383300048406960001503114122308583 000000000950000  000000041171226000000041171226 0707464556         000                             00                             98830010100014000000000000000000151223      02                                                             *
100716684710005 004083288340291893671523600001503914122351129 000000001050000  000000038191910000000038191910 1190311031         000                             00                             98830010100014100000000000000000151223      03                                                             *
100716684710005 004083288345464000736507440001504014122308694 000000001620000  000000023496002000000023496002 1007280958         000                             00                             98830010100014200000000000000000151223      02                                                             *
100716684710005 004083288340291889703645290001504114122365275 000000001050000  000000032047602000000032047602 1174615959         000                             00                             98830010100014300000000000000000151223      03                                                             *
100716684710005 004083288340291812634735860001504514122313850 000000001050000  000000036205924000000036205924 0618940329         000                             00                             98830010100014400000000000000000151223      03                                                             *
100716684710005 004083288340291818440857920001504914122358103 000000001050000  000000028004214000000028004214 0595546554         000                             00                             98830010100014500000000000000000151223      03                                                             *
100716684710005 004083288340291842287792460001505314122351668 000000001390000  000000041382649000000041382649 1186033817         000                             00                             98830010100014600000000000000000151223      03                                                             *
100716684710005 004083288340291836254181010001506314122309333 000000001350000  000000038575146000000038575146 0930988478         000                             00                             98830010100014800000000000000000151223      03                                                             *
100716684710005 004083288340507101594043880001507514122308511 000000001050000  000000041675733000000041675733 0159012257         000                             00                             98830010100014900000000000000000151223      02                                                             *
100716684710005 004083288345483200303762330001508014122309991 000000001390000  000000034737612000000034737612 1199246163         000                             00                             98830010100015000000000000000000151223      01                                                             *
100716684710005 004083288340291807144413170001510314122373468 000000000950000  000000017898371000000017898371 0886367219         000                             00                             98830010100015100000000000000000151223      03                                                             *
100716684710005 004083288344912800001881990001510414122309694 000000001390000  000000031002081000000031002081 0563161594         000                             00                             98830010100015200000000000000000151223      03                                                             *
100716684710005 004083288340291800630006800001511014122355355 000000001390000  000000035682704000000035682704 0855101787         000                             00                             98830010100015300000000000000000151223      03                                                             *
100716684710005 004083288349417200057131900001511614122309915 000000001390000  000000030776644000000030776644 0902286274         000                             00                             98830010100015400000000000000000151223      02                                                             *
100716684710005 004083288344912800005989000001511814122309822 000000001390000  000000039132728000000039132728 1174042562         000                             00                             98830010100015500000000000000000151223      03                                                             *
100716684710005 004083288340291853880810420001512114122378109 000000001750000  000000030104872000000030104872 1075254110         000                             00                             98830010100015600000000000000000151223      03                                                             *
100716684710005 004083288345484600109136290001513714122310535 000000001080000  000000041850631000000041850631 1069218357         000                             00                             98830010100015700000000000000000151223      02                                                             *
100716684710005 004083288345407300427795620001514014122309172 000000000480000  000000010313736000000010313736 0972737513         000                             00                             98830010100015804540730061592805151223      04                                                             *
100716684710005 004083288340291873548137880001515214122360196 000000001390000  000000025466523000000025466523 0552052870         000                             00                             98830010100015900000000000000000151223      03                                                             *
100716684710005 004083288340291813356493610001515514122394510 000000000840000  000000035061577000000035061577 1095554056         000                             00                             98830010100016000000000000000000151223      03                                                             *
100716684710005 004083288340291897417403360001515814122399289 000000001950000  000000030130416000000030130416 0775293913         000                             00                             98830010100016100000000000000000151223      03                                                             *
100716684710005 004083288345485000144409600001551314122309056 000000001700000  000000022716075000000022716075 0606648192         000                             00                             98830010100016200000000000000000151223      01                                                             *
100716684710005 004083288345485030023487810001551814122312780 000000000690000  000000032432637000000032432637 0422091727         000                             00                             98830010100016300000000000000000151223      02                                                             *
100716684710005 004083288345483200072367580001552214122309083 000000000180000  000000022625052000000022625052 0442530088         000                             00                             98830010100016400000000000000000151223      02                                                             *
100716684710005 004083288345483200072367580001552314122308877 000000000280000  000000022625052000000022625052 0442530088         000                             00                             98830010100016500000000000000000151223      02                                                             *
100716684710005 004083288343383300025872990001554814122308799 000000000690000  000000020062594000000020062594 0475351115         000                             00                             98830010100016600000000000000000151223      02                                                             *
100716684710005 004083288345483200278680100001560214122309696 000000000700000  000000018354560000000018354560 1124435235         000                             00                             98830010100016700000000000000000151223      02                                                             *
100716684710005 004083288345483200263322810001561014122308676 000000000350000  000000039348804000000039348804 1072904155         000                             00                             98830010100016800000000000000000151223      02                                                             *
100716684710005 004083288345483200278533500001561114122310847 000000000350000  000000030801044000000030801044 1123946785         000                             00                             98830010100016900000000000000000151223      01                                                             *
100716684710005 004083288345483200260990880001561314122309758 000000000259000  000000030434228000000030434228 1068906930         000                             00                             98830010100017000000000000000000151223      02                                                             *
100716684710005 004083288345483200287644160001561414122308662 000000000899000  000000034946738000000034946738 1069823195         000                             00                             98830010100017100000000000000000151223      02                                                             *
100716684710005 004083288345484600096524440001562814122309192 000000000259000  000000018903431000000018903431 1070954367         000                             00                             98830010100017200000000000000000151223      01                                                             *
100716684710005 004083288345483200249288900001565314122308825 000000000690000  000000036361604000000036361604 1013283206         000                             00                             98830010100017300000000000000000151223      01                                                             *
100716684710005 004083288345484600096137190001569214122309550 000000000250000  000000033244510000000033244510 1069080721         000                             00                             98830010100017400000000000000000151223      01                                                             *
100716684710005 004083288340291839266853330001569714122377785 000000000690000  000000032299985000000032299985 0618046560         000                             00                             98830010100017500000000000000000151223      03                                                             *
100716684710005 004083288345483200239815440001569814122309226 000000000330000  000000032375247000000032375247 0741469351         000                             00                             98830010100017600000000000000000151223      02                                                             *
100716684710005 004083288340291822866697470001573214122321485 000000000830000  000000013009496000000013009496 0704905094         000                             00                             98830010100017700000000000000000151223      03                                                             *
100716684710005 004083288340291896983364920001573814122347880 000000000950000  000000030715035000000030715035 0573615254         000                             00                             98830010100017800000000000000000151223      03                                                             *
100716684710005 004083288345407500533090910001574414122309251 000000000830000  000000032499932000000032499932 0907512288         000                             00                             98830010100017900000000000000000151223      01                                                             *
100716684710005 004083288340291814905684630001574914122390395 000000001100000  000000026275030000000026275030 0485265558         000                             00                             98830010100018000000000000000000151223      03                                                             *
100716684710005 004083288345407300536079830001576214122337548 000000002180000  000000023629203000000023629203 1149771819         000                             00                             98830010100018100000000000000000151223      01                                                             *
100716684710005 004083288345407300536079830001578714122337547 000000001390000  000000023629203000000023629203 1149771819         000                             00                             98830010100018200000000000000000151223      01                                                             *
100716684710005 004083288340291826517334660001580714122328990 000000001050000  000000033588205000000033588205 1142125163         000                             00                             98830010100018300000000000000000151223      03                                                             *
100716684710005 004083288340291891157442520001582714122309959 000000000650000  000000038191744000000038191744 0696937523         000                             00                             98830010100018400000000000000000151223      03                                                             *
100716684710005 004083288340291866830813070001586314122347843 000000000300000  000000030422085000000030422085 0822441496         000                             00                             98830010100018604029181006866930151223      03                                                             *
100716684710005 004083288340291872449019420001587414122343481 000000001250000  000000026991660000000026991660 0551164066         000                             00                             98830010100018700000000000000000151223      03                                                             *
100716684710005 004083288345484600079975280001588714122309378 000000001200000  000000037578244000000037578244 0958121558         000                             00                             98830010100018800000000000000000151223      02                                                             *
100716684710005 004083288340291826679454760001589814122371014 000000001450000  000000018202195000000018202195 0775558816         000                             00                             98830010100018900000000000000000151223      03                                                             *
100716684710005 004083288347937500139231670001592914122309119 000000001150000  000000040987818000000040987818 1187294574         000                             00                             98830010100019000000000000000000151223      02                                                             *
100716684710005 004083288345484600071402510001597814122312353 000000000370000  000000016446845000000016446845 0362012785         000                             00                             98830010100019100000000000000000151223      02                                                             *
100716684710005 004083288340291870529277730001598814122341930 000000001390000  000000029181617000000029181617 0988487279         000                             00                             98830010100019200000000000000000151223      03                                                             *
100716684700005 0040832883454832002138452700007976141223      000000000139000  000000033361471000000033361471 0889703650         199TARJETA NO OPERATIVA POR LA E00                             98830000100000400000000000000000151223      00                                                             *
100716684700005 0040832883454832002502591000008904141223      000000000340000  000000039184847000000039184847 0900326048         155TARJETA NO OPERATIVA         00                             98830000100000600000000000000000151223      00                                                             *
100716684700005 0040832883402918155799220000008963141223      000000000210000  000000025783266000000025783266 1026126899         199TARJETA NO OPERATIVA POR LA E00                             98830000100000700000000000000000151223      00                                                             *
100716684700005 0040832883402918729302551000009237141223      000000000375000  000000021717242000000021717242 0855377977         199TARJETA NO OPERATIVA POR LA E00                             98830000100000800000000000000000151223      00                                                             *
100716684700005 0040832883402918027176417600009595141223      000000000380000  000000025644369000000025644369 1026646988         199TARJETA NO OPERATIVA POR LA E00                             98830000100000900000000000000000151223      00                                                             *
100716684700005 0040832883454846300058808800009799141223      000000000280000  000000016807171000000016807171 0620416986         191BAJA DE DEB. AUT. SOLICITADA 00                             98830000100001004548460011049480151223      00                                                             *
100716684700005 0040832883454846300078972800009988141223      000000000169000  000000019016142000000019016142 0893207793         155TARJETA NO OPERATIVA         00                             98830000100001100000000000000000151223      00                                                             *
100716684700005 0040832883402918904154153300010106141223      000000000216000  000000037101720000000037101720 0856113615         199TARJETA NO OPERATIVA POR LA E00                             98830000100001200000000000000000151223      00                                                             *
100716684700005 0040832883402918904154153300010107141223      000000000175500  000000037101720000000037101720 0856113615         199TARJETA NO OPERATIVA POR LA E00                             98830000100001300000000000000000151223      00                                                             *
100716684700005 0040832883450832002365758900010535141223      000000000260000  000000032056845000000032056845 0934764407         199TARJETA NO OPERATIVA POR LA E00                             98830000100001400000000000000000151223      00                                                             *
100716684700005 0040832883402918339057409600010772141223      000000000218000  000000029755270000000029755270 0000000000         151NRO. DE TARJETA INCORRECTO   00                             98830000100001700000000000000000151223      00                                                             *
100716684700005 0040832883402918339057409600010773141223      000000000220000  000000029755270000000029755270 0000000000         151NRO. DE TARJETA INCORRECTO   00                             98830000100001800000000000000000151223      00                                                             *
100716684700005 0040832883402918339057409600011397141223      000000000300000  000000029755270000000029755270 0000000000         151NRO. DE TARJETA INCORRECTO   00                             98830000100001900000000000000000151223      00                                                             *
100716684700005 0040832883454832001785482200011454141223      000000000250000  000000017504765000000017504765 0492531567         155TARJETA NO OPERATIVA         00                             98830000100002000000000000000000151223      00                                                             *
100716684700005 0040832883455197001214417500011928141223      000000000130000  000000026053726000000026053726 0827998423         199TARJETA NO OPERATIVA POR LA E00                             98830000100002300000000000000000151223      00                                                             *
100716684700005 0040832883455198000476139900011937141223      000000000480000  000000038438056000000038438056 1120441221         199TARJETA NO OPERATIVA POR LA E00                             98830000100002404793760005834108151223      00                                                             *
100716684700005 0040832883450832002555986600012030141223      000000000309000  000000043887506000000043887506 1102035554         199TARJETA NO OPERATIVA POR LA E00                             98830000100002500000000000000000151223      00                                                             *
100716684700005 0040832883454832300338357400012062141223      000000000320000  000000030762020000000030762020 0886772589         155TARJETA NO OPERATIVA         00                             98830000100002600000000000000000151223      00                                                             *
100716684700005 0040832883402918215208591100012109141223      000000000360000  000000031986625000000031986625 0632294381         199TARJETA NO OPERATIVA POR LA E00                             98830000100002700000000000000000151223      00                                                             *
100716684700005 0040832883402918512813255000012114141223      000000000299000  000000026854425000000026854425 0644377522         191BAJA DE DEB. AUT. SOLICITADA 00                             98830000100002800000000000000000151223      00                                                             *
100716684700005 0040832883454832002570903400012698141223      000000000550000  000000039482277000000039482277 1047646433         199TARJETA NO OPERATIVA POR LA E00                             98830000100003000000000000000000151223      00                                                             *
100716684700005 0040832883454832002244106000013001141223      000000000380000  000000035869025000000035869025 0922185867         179CUENTA SIN DISPONIBLE        00                             98830000100003200000000000000000151223      00                                                             *
100716684700005 0040832883454832002656632600013063141223      000000000380000  000000028066697000000028066697 1081840161         155TARJETA NO OPERATIVA         00                             98830000100003400000000000000000151223      00                                                             *
100716684700005 0040832883454075007376000000013092141223      000000000390000  000000023208077000000023208077 1130103966         199TARJETA NO OPERATIVA POR LA E00                             98830000100003600000000000000000151223      00                                                             *
100716684700005 0040832883454075007376000000013093141223      000000000510000  000000023208077000000023208077 1130103966         199TARJETA NO OPERATIVA POR LA E00                             98830000100003700000000000000000151223      00                                                             *
100716684700005 0040832883402918965888287300013131141223      000000000550000  000000028951938000000028951938 1078119289         199TARJETA NO OPERATIVA POR LA E00                             98830000100004000000000000000000151223      00                                                             *
100716684700005 0040832883402918965888287300013133141223      000000000170000  000000028951938000000028951938 1078119289         199TARJETA NO OPERATIVA POR LA E00                             98830000100004100000000000000000151223      00                                                             *
100716684700005 0040832883402918965863796200013317141223      000000000175000  000000027465463000000027465463 0143954567         196TIPO DE CONSUMO NO PERMITIDO 00                             98830000100004304029180235036802151223      00                                                             *
100716684700005 0040832883402918521376473900013390141223      000000000430000  000000034338408000000034338408 1117728177         196TIPO DE CONSUMO NO PERMITIDO 00                             98830000100004600000000000000000151223      00                                                             *
100716684700005 0040832883402918521376473900013391141223      000000000290000  000000034338409000000034338409 1117728177         196TIPO DE CONSUMO NO PERMITIDO 00                             98830000100004700000000000000000151223      00                                                             *
100716684700005 0040832883402918521376473900013392141223      000000000380000  000000034338409000000034338409 1117728177         196TIPO DE CONSUMO NO PERMITIDO 00                             98830000100004800000000000000000151223      00                                                             *
100716684700005 0040832883479375001217081000013482141223      000000000140000  000000038725700000000038725700 1093682274         199TARJETA NO OPERATIVA POR LA E00                             98830000100004900000000000000000151223      00                                                             *
100716684700005 0040832883454832002510903400013512141223      000000000410000  000000039482277000000039482277 0000000000         151NRO. DE TARJETA INCORRECTO   00                             98830000100005000000000000000000151223      00                                                             *
100716684700005 0040832883450843800399525600013706141223      000000000340000  000000031336639000000031336639 0491288747         179CUENTA SIN DISPONIBLE        00                             98830000100007004508430042411866151223      00                                                             *
100716684700005 0040832883454832002572817400013948141223      000000000520000  000000042392493000000042392493 1047671677         191BAJA DE DEB. AUT. SOLICITADA 00                             98830000100008104548320028688920151223      00                                                             *
100716684700005 0040832883454832300344427700013950141223      000000000650000  000000022907598000000022907598 1072346740         199TARJETA NO OPERATIVA POR LA E00                             98830000100008200000000000000000151223      00                                                             *
100716684700005 0040832883402918802158406700014230141223      000000000520000  000000023969875000000023969875 1110573002         199TARJETA NO OPERATIVA POR LA E00                             98830000100009200000000000000000151223      00                                                             *
100716684700005 0040832883402918484961867400014332141223      000000000558000  000000042238255000000042238255 1092084910         196TIPO DE CONSUMO NO PERMITIDO 00                             98830000100009704029181819109635151223      00                                                             *
100716684710005 0040832883454832300344427700014390141223      000000000720000  000000022907598000000022907598 1072346740         199TARJETA NO OPERATIVA POR LA E00                             98830010100010800000000000000000151223      00                                                             *
100716684710005 0040832883402918605442038100014662141223      000000000870000  000000017221897000000017221897 0732463793         199TARJETA NO OPERATIVA POR LA E00                             98830010100011300000000000000000151223      00                                                             *
100716684710005 0040832883454832300344427700014788141223      000000001400000  000000022907598000000022907598 1072346740         199TARJETA NO OPERATIVA POR LA E00                             98830010100012200000000000000000151223      00                                                             *
100716684710005 0040832883402918280171966200014800141223      000000000850000  000000036732913000000036732913 1117588001         196TIPO DE CONSUMO NO PERMITIDO 00                             98830010100012300000000000000000151223      00                                                             *
100716684710005 0040832883449128800003351300014942141223      000000001350000  000000014308050000000014308050 0152936107         179CUENTA SIN DISPONIBLE        00                             98830010100013500000000000000000151223      00                                                             *
100716684710005 0040832883402918716752785600014953141223      000000000699000  000000029270305000000029270305 1025159960         191BAJA DE DEB. AUT. SOLICITADA 00                             98830010100013600000000000000000151223      00                                                             *
100716684710005 0040832883454073800369404300015058141223      000000001390000  000000095113831000000095113831 0939223318         179CUENTA SIN DISPONIBLE        00                             98830010100014700000000000000000151223      00                                                             *
100716684710005 0040832883454832300344427700015850141223      000000001450000  000000022907598000000022907598 1072346740         199TARJETA NO OPERATIVA POR LA E00                             98830010100018500000000000000000151223      00                                                             *
9RDEBLIQC900000    00408328832023121518020000190000000115514500                                                                                                                                                                                                                                            *
