107465          00000202311030000000000348850000800100000000000000000000000000000000000000000000000000000000000000000000000000000000000000000000000000                                                                     0
007465          000000830006 031003881580014103                   COBROCUOTA           20231105080000000226000000000000000000000000000000000000000000000                      CUOTA                                        0
007465          000000110110 03001100141569748                    COBROCUOTA           20231105080000000039500000000000000000000000000000000000000000000                      CUOTA                                        0
007465          000000830008 031003081960012101                   COBROCUOTA           20231105080000000145000000000000000000000000000000000000000000000                      CUOTA                                        0
007465          000000830008 03100394079001943                    COBROCUOTA           20231105080000000170000000000000000000000000000000000000000000000                      CUOTA                                        0
007465          000000140303 00369495141230515517                 COBROCUOTA           20231105080000000080000000000000000000000000000000000000000000000                      CUOTA                                        0
007465          000000140423 00361025226104615682                 COBROCUOTA           20231105080000000029000000000000000000000000000000000000000000000                      CUOTA                                        0
007465          000000110110 03001100140085147                    COBROCUOTA           20231105080000000170000000000000000000000000000000000000000000000                      CUOTA                                        0
007465          000000110110 03001100140085146                    COBROCUOTA           20231105080000000086000000000000000000000000000000000000000000000                      CUOTA                                        0
007465          000000830008 03400708183001339                    COBROCUOTA           20231105080000000150000000000000000000000000000000000000000000000                      CUOTA                                        0
007465          000000110110 03001100121482941                    COBROCUOTA           20231105080000000064000000000000000000000000000000000000000000000                      CUOTA                                        0
007465          000000830008 03100308171001350                    COBROCUOTA           20231105080000000108000000000000000000000000000000000000000000000                      CUOTA                                        0
007465          000000110110 03001100157179740                    COBROCUOTA           20231105080000000082700000000000000000000000000000000000000000000                      CUOTA                                        0
007465          000000830008 03100393843001137                    COBROCUOTA           20231105080000000367000000000000000000000000000000000000000000000                      CUOTA                                        0
007465          000000860055 00280003711048833                    COBROCUOTA           20231105080000000295000000000000000000000000000000000000000000000                      CUOTA                                        0
007465          000000860055 00280000053134231                    COBROCUOTA           20231105080000000085000000000000000000000000000000000000000000000                      CUOTA                                        0
007465          000000830008 031003942310011102                   COBROCUOTA           20231105080000000030000000000000000000000000000000000000000000000                      CUOTA                                        0
007465          000000830008 03100268273005145                    COBROCUOTA           20231105080000000129300000000000000000000000000000000000000000000                      CUOTA                                        0
007465          000000340294 008294401541008107                   COBROCUOTA           20231105080000000170000000000000000000000000000000000000000000000                      CUOTA                                        0
007465          000000340261 008123853140001131                   COBROCUOTA           20231105080000000155000000000000000000000000000000000000000000000                      CUOTA                                        0
007465          000001910291 05512910208080315766                 COBROCUOTA           20231105080000000145000000000000000000000000000000000000000000000                      CUOTA                                        0
007465          000000140999 00320005214521315767                 COBROCUOTA           20231105080000000085000000000000000000000000000000000000000000000                      CUOTA                                        0
007465          000000110297 030029702576229134                   COBROCUOTA           20231105080000000077000000000000000000000000000000000000000000000                      CUOTA                                        0
007465          000000140361 00363585006449315764                 COBROCUOTA           20231105080000000025000000000000000000000000000000000000000000000                      CUOTA                                        0
007465          000000140354 00361775220246715838                 COBROCUOTA           20231105080000000115000000000000000000000000000000000000000000000                      CUOTA                                        0
007465          000000830008 03100308196001249                    COBROCUOTA           20231105080000000105000000000000000000000000000000000000000000000                      CUOTA                                        0
007465          000000110375 030037514750647303                   COBROCUOTA           20231105080000000188000000000000000000000000000000000000000000000                      CUOTA                                        0
007465          000000140398 003637650421940256                   COBROCUOTA           20231105080000000090000000000000000000000000000000000000000000000                      CUOTA                                        0
007465          000000930319 021500104207514351                   COBROCUOTA           20231105080000000077000000000000000000000000000000000000000000000                      CUOTA                                        0
