107465          00000202406270000000001467180000800100000000000000000000000000000000000000000000000000000000000000000000000000000000000000000000000000                                                                     0
007465          000000830006 031003881580014103                   COBROCUOTA           20240629080000000226000000000000000000000000000000000000000000000                      CUOTA                                        0
007465          000000110110 03001100141569748                    COBROCUOTA           20240629080000000039500000000000000000000000000000000000000000000                      CUOTA                                        0
007465          000000830008 031003081960012101                   COBROCUOTA           20240629080000000145000000000000000000000000000000000000000000000                      CUOTA                                        0
007465          000000140423 00361025226104615682                 COBROCUOTA           20240629080000000029000000000000000000000000000000000000000000000                      CUOTA                                        0
007465          000000110110 03001100140085147                    COBROCUOTA           20240629080000000170000000000000000000000000000000000000000000000                      CUOTA                                        0
007465          000000110110 03001100140085146                    COBROCUOTA           20240629080000000086000000000000000000000000000000000000000000000                      CUOTA                                        0
007465          000000830008 03400708183001339                    COBROCUOTA           20240629080000000150000000000000000000000000000000000000000000000                      CUOTA                                        0
007465          0000000000000008123853334006112                   COBROCUOTA           20240629080000000138800000000000000000000000000000000000000000000                      CUOTA                                        0
007465          000000860055 00280003711048833                    COBROCUOTA           20240629080000000295000000000000000000000000000000000000000000000                      CUOTA                                        0
007465          000000860055 00280000053134231                    COBROCUOTA           20240629080000000085000000000000000000000000000000000000000000000                      CUOTA                                        0
007465          000000340261 008123851246008124                   COBROCUOTA           20240629080000000070000000000000000000000000000000000000000000000                      CUOTA                                        0
007465          000000830008 031003942310011102                   COBROCUOTA           20240629080000000030000000000000000000000000000000000000000000000                      CUOTA                                        0
007465          000000830008 03100268273005145                    COBROCUOTA           20240629080000000129300000000000000000000000000000000000000000000                      CUOTA                                        0
007465          000000340294 008294401541008107                   COBROCUOTA           20240629080000000170000000000000000000000000000000000000000000000                      CUOTA                                        0
007465          000000340261 008123853140001131                   COBROCUOTA           20240629080000000155000000000000000000000000000000000000000000000                      CUOTA                                        0
007465          0000000000000008123853334006135                   COBROCUOTA           20240629080000000016000000000000000000000000000000000000000000000                      CUOTA                                        0
007465          000000140361 00363585006449315764                 COBROCUOTA           20240629080000000025000000000000000000000000000000000000000000000                      CUOTA                                        0
007465          000000140999 00320005214521315767                 COBROCUOTA           20240629080000000085000000000000000000000000000000000000000000000                      CUOTA                                        0
007465          000000110297 030029702576229134                   COBROCUOTA           20240629080000000077000000000000000000000000000000000000000000000                      CUOTA                                        0
007465          000000830008 03100393843001137                    COBROCUOTA           20240629080000000367000000000000000000000000000000000000000000000                      CUOTA                                        0
007465          000000140354 00361775220246715838                 COBROCUOTA           20240629080000000075000000000000000000000000000000000000000000000                      CUOTA                                        0
007465          000000170215 040000007684614151                   COBROCUOTA           20240629080000000108000000000000000000000000000000000000000000000                      CUOTA                                        0
007465          0000000000000008294400744002105                   COBROCUOTA           20240629080000000233400000000000000000000000000000000000000000000                      CUOTA                                        0
007465          000000930304 021700208953960451                   COBROCUOTA           20240629080000000096000000000000000000000000000000000000000000000                      CUOTA                                        0
007465          000000830008 03100308196001249                    COBROCUOTA           20240629080000000105000000000000000000000000000000000000000000000                      CUOTA                                        0
007465          000000140398 003637650421940256                   COBROCUOTA           20240629080000000090000000000000000000000000000000000000000000000                      CUOTA                                        0
007465          000000930319 021500104207514351                   COBROCUOTA           20240629080000000077000000000000000000000000000000000000000000000                      CUOTA                                        0
007465          000000340261 00812385314000191                    COBROCUOTA           20240629080000000089500000000000000000000000000000000000000000000                      CUOTA                                        0
007465          000000970007 060005173240011174                   COBROCUOTA           20240629080000000210000000000000000000000000000000000000000000000                      CUOTA                                        0
007465          000000970016 063006791360021170                   COBROCUOTA           20240629080000000180000000000000000000000000000000000000000000000                      CUOTA                                        0
007465          000000970016 060006851470018167                   COBROCUOTA           20240629080000000320000000000000000000000000000000000000000000000                      CUOTA                                        0
007465          000000970016 055004696720020165                   COBROCUOTA           20240629080000000220000000000000000000000000000000000000000000000                      CUOTA                                        0
007465          000000970016 055007662130018179                   COBROCUOTA           20240629080000000290000000000000000000000000000000000000000000000                      CUOTA                                        0
007465          000000970016 055005409230045176                   COBROCUOTA           20240629080000000590000000000000000000000000000000000000000000000                      CUOTA                                        0
007465          000000970007 055005958050044173                   COBROCUOTA           20240629080000000130000000000000000000000000000000000000000000000                      CUOTA                                        0
007465          000000970004 055003096320036192                   COBROCUOTA           20240629080000000250000000000000000000000000000000000000000000000                      CUOTA                                        0
007465          000000970007 055002349340012193                   COBROCUOTA           20240629080000000260000000000000000000000000000000000000000000000                      CUOTA                                        0
007465          000000970016 055003993120058148                   COBROCUOTA           20240629080000000218000000000000000000000000000000000000000000000                      CUOTA                                        0
007465          000000970016 055004458670060163                   COBROCUOTA           20240629080000000048000000000000000000000000000000000000000000000                      CUOTA                                        0
007465          000000970016 055003387770052141                   COBROCUOTA           20240629080000000242000000000000000000000000000000000000000000000                      CUOTA                                        0
007465          000000970016 055007919370024155                   COBROCUOTA           20240629080000000386450000000000000000000000000000000000000000000                      CUOTA                                        0
007465          000000970016 060004175030024157                   COBROCUOTA           20240629080000000307000000000000000000000000000000000000000000000                      CUOTA                                        0
007465          000000970035 017009120940049308                   COBROCUOTA           20240629080000000167000000000000000000000000000000000000000000000                      CUOTA                                        0
007465          000000970007 051007274240026144                   COBROCUOTA           20240629080000000121000000000000000000000000000000000000000000000                      CUOTA                                        0
007465          000000970007 063006640370027307                   COBROCUOTA           20240629080000000089000000000000000000000000000000000000000000000                      CUOTA                                        0
007465          000000970007 055006741980025145                   COBROCUOTA           20240629080000000190350000000000000000000000000000000000000000000                      CUOTA                                        0
007465          000000970016 055002141500056164                   COBROCUOTA           20240629080000000160000000000000000000000000000000000000000000000                      CUOTA                                        0
007465          000000970007 055001720430018181                   COBROCUOTA           20240629080000000180000000000000000000000000000000000000000000000                      CUOTA                                        0
007465          000000970007 055005293160028344                   COBROCUOTA           20240629080000000106000000000000000000000000000000000000000000000                      CUOTA                                        0
007465          000000970007 055003881070016327                   COBROCUOTA           20240629080000000173000000000000000000000000000000000000000000000                      CUOTA                                        0
007465          000000970007 055004700190025334                   COBROCUOTA           20240629080000000156000000000000000000000000000000000000000000000                      CUOTA                                        0
007465          000000970007 055004429470028321                   COBROCUOTA           20240629080000000150000000000000000000000000000000000000000000000                      CUOTA                                        0
007465          000000970007 055007279030037322                   COBROCUOTA           20240629080000000480000000000000000000000000000000000000000000000                      CUOTA                                        0
007465          000000970007 060006758460019417                   COBROCUOTA           20240629080000000300000000000000000000000000000000000000000000000                      CUOTA                                        0
007465          000000970007 055002643860032421                   COBROCUOTA           20240629080000000155000000000000000000000000000000000000000000000                      CUOTA                                        0
007465          000000970007 055000320480012433                   COBROCUOTA           20240629080000000320000000000000000000000000000000000000000000000                      CUOTA                                        0
007465          000000970007 055000301050021331                   COBROCUOTA           20240629080000000270000000000000000000000000000000000000000000000                      CUOTA                                        0
007465          000000970007 055002443460056422                   COBROCUOTA           20240629080000000086000000000000000000000000000000000000000000000                      CUOTA                                        0
007465          000000970016 055004501760014413                   COBROCUOTA           20240629080000000128000000000000000000000000000000000000000000000                      CUOTA                                        0
007465          000000970007 051006932780018431                   COBROCUOTA           20240629080000000230000000000000000000000000000000000000000000000                      CUOTA                                        0
007465          000000970099 055008228300021426                   COBROCUOTA           20240629080000000086000000000000000000000000000000000000000000000                      CUOTA                                        0
007465          000000970016 055003859970043345                   COBROCUOTA           20240629080000000280000000000000000000000000000000000000000000000                      CUOTA                                        0
007465          000000970018 055002286460015416                   COBROCUOTA           20240629080000000285000000000000000000000000000000000000000000000                      CUOTA                                        0
007465          000000970007 055004036690057341                   COBROCUOTA           20240629080000000090000000000000000000000000000000000000000000000                      CUOTA                                        0
007465          000000970007 055007258330019315                   COBROCUOTA           20240629080000000086000000000000000000000000000000000000000000000                      CUOTA                                        0
007465          000000970007 055005435910038332                   COBROCUOTA           20240629080000000138000000000000000000000000000000000000000000000                      CUOTA                                        0
007465          000000970007 055002548190016200                   COBROCUOTA           20240629080000000460000000000000000000000000000000000000000000000                      CUOTA                                        0
007465          000000970007 055002849010013314                   COBROCUOTA           20240629080000000152000000000000000000000000000000000000000000000                      CUOTA                                        0
007465          000000970007 055005932840056313                   COBROCUOTA           20240629080000000250000000000000000000000000000000000000000000000                      CUOTA                                        0
007465          000000970007 055005932840056339                   COBROCUOTA           20240629080000000220000000000000000000000000000000000000000000000                      CUOTA                                        0
007465          000000970007 055004323380041429                   COBROCUOTA           20240629080000000710000000000000000000000000000000000000000000000                      CUOTA                                        0
007465          000000970016 055007662130018412                   COBROCUOTA           20240629080000000140000000000000000000000000000000000000000000000                      CUOTA                                        0
007465          0000009700070055002069790025197                   COBROCUOTA           20240629080000000400000000000000000000000000000000000000000000000                      CUOTA                                        0
007465          000000110236 030023652731929427                   COBROCUOTA           20240629080000000400000000000000000000000000000000000000000000000                      CUOTA                                        0
007465          000000970007 055004457320041330                   COBROCUOTA           20240629080000000129000000000000000000000000000000000000000000000                      CUOTA                                        0
007465          000000140361 003635850064493452                   COBROCUOTA           20240629080000000105000000000000000000000000000000000000000000000                      CUOTA                                        0
007465          000000970044 055009762350019336                   COBROCUOTA           20240629080000000265500000000000000000000000000000000000000000000                      CUOTA                                        0
