5465538065146587;0000000;000010862836;00;000000626.00;000;1224;00;11/18;041218;3958                                    ;030119;
5427029555692790;0000000;000012859464;00;000000387.00;000;0000;00;11/18;041218;1170                                    ;030119;
5123316659104104;0000000;000013956291;00;000000330.00;000;0000;86;11/18;041218;1495                                    ;030119;
5200530643616579;0000000;000014348206;00;000000368.00;000;0924;00;11/18;041218;1190                                    ;030119;
5607180010867147;0000000;000014757739;00;000000765.00;000;0000;66;11/18;041218;2853                                    ;030119;
5416463416003899;0000000;000014799968;00;000000830.00;000;0000;66;11/18;041218;2811                                    ;030119;
5399096629247327;0000000;000016702203;00;000000730.00;000;0121;00;11/18;041218;2397                                    ;030119;
5123310812084758;0000000;000016709207;00;000001150.00;000;0219;00;11/18;041218;1465                                    ;030119;
5591985339696532;0000000;000016827724;00;000000215.00;000;0321;00;11/18;041218;2073                                    ;030119;
5305741901283929;0000000;000017607172;00;000000595.00;000;0520;00;11/18;041218;1257                                    ;030119;
5123315730502708;0000000;000017957687;00;000000835.00;000;0420;00;11/18;041218;3515                                    ;030119;
5123311687020838;0000000;000017971265;00;000000193.00;000;0000;66;11/18;041218;35                                      ;030119;
5123317056281271;0000000;000018594423;00;000000700.00;000;0122;00;11/18;041218;3115                                    ;030119;
5591984056671299;0000000;000018748604;00;000000363.00;000;0919;00;11/18;041218;5060                                    ;030119;
5123327538250364;0000000;000021824451;00;000000630.00;000;0721;00;11/18;041218;3376                                    ;030119;
5123320573685495;0000000;000022089606;00;000000838.00;000;0721;00;11/18;041218;2630                                    ;030119;
5268101394154852;0000000;000022122130;00;000000300.00;000;0000;00;11/18;041218;4684                                    ;030119;
5124212802590357;0000000;000022199920;00;000000660.00;000;1020;00;11/18;041218;3117                                    ;030119;
5399091661478815;0000000;000022335371;00;000000232.00;000;0820;00;11/18;041218;1644                                    ;030119;
5123322795836211;0000000;000022939861;00;000000272.00;000;0320;00;11/18;041218;2639                                    ;030119;
5427021072028210;0000000;000023361067;00;000000580.00;000;0000;00;11/18;041218;3066                                    ;030119;
5574971843387629;0000000;000023525454;00;000000260.00;000;0521;00;11/18;041218;4147                                    ;030119;
5591988134835966;0000000;000023792791;00;000000368.00;000;0000;50;11/18;041218;622                                     ;030119;
5465531039331575;0000000;000024572226;00;000000238.00;000;0319;00;11/18;041218;2824                                    ;030119;
5010822350041839;0000000;000024718110;00;000000215.00;000;0000;66;11/18;041218;2504                                    ;030119;
5399097780293498;0000000;000024901604;00;000000828.00;000;0919;00;11/18;041218;2192                                    ;030119;
5118491749890017;0000000;000025266038;00;000000215.00;000;0000;86;11/18;041218;1179                                    ;071218;
5465538163566934;0000000;000025380008;00;000000610.00;000;1020;00;11/18;041218;1175                                    ;030119;
5123327011253017;0000000;000025835879;00;000000600.00;000;0000;66;11/18;041218;2899                                    ;030119;
5123310452726114;0000000;000025912161;00;000000726.00;000;0420;00;11/18;041218;2642                                    ;030119;
5574978317235259;0000000;000026143625;00;000000980.00;000;0000;50;11/18;041218;3141                                    ;030119;
5123320841468237;0000000;000026419965;00;000000450.00;000;0120;00;11/18;041218;3113                                    ;030119;
5123312997680590;0000000;000027015562;00;000000590.00;000;0219;00;11/18;041218;1648                                    ;030119;
5123329868125240;0000000;000027352636;00;000000340.00;000;1020;00;11/18;041218;3143                                    ;030119;
5275726060266027;0000000;000027426329;00;000000360.00;000;0421;00;11/18;041218;4720                                    ;030119;
5465530834723135;0000000;000028806241;00;000000520.00;000;0000;86;11/18;041218;3016                                    ;030119;
5399099867866105;0000000;000029229103;00;000000476.00;000;0000;86;11/18;041218;2758                                    ;030119;
5591988090948118;0000000;000030147896;00;000001100.00;000;0000;50;11/18;041218;2439                                    ;030119;
5123314328587502;0000000;000030858868;00;000000615.00;000;0000;50;11/18;041218;552                                     ;030119;
5591984046111091;0000000;000032877874;00;000000272.00;000;0321;00;11/18;041218;3110                                    ;030119;
5123320120846749;0000000;000033242610;00;000000560.00;000;1120;00;11/18;041218;1485                                    ;030119;
5118491829123008;0000000;000033512606;00;000000523.00;000;0000;86;11/18;041218;840                                     ;071218;
5123328704205901;0000000;000035899610;00;000000232.00;000;0920;00;11/18;041218;1679                                    ;030119;
5465532393566335;0000000;000037689236;00;000000193.00;000;0000;61;11/18;041218;1366                                    ;030119;
5118491958929001;0000000;000039630211;00;000000215.00;000;0000;86;11/18;041218;1173                                    ;071218;
5123328102521636;0000000;000039942544;00;000000739.00;000;0000;50;11/18;041218;3369                                    ;030119;
5305741901283929;0000000;000117607172;00;000000402.00;000;0520;00;11/18;041218;1258                                    ;030119;
5399097780293498;0000000;000124901604;00;000000391.00;000;0919;00;11/18;041218;2197                                    ;030119;
5465538163566934;0000000;000125380008;00;000000590.00;000;1020;00;11/18;041218;1177                                    ;030119;
5465530834723135;0000000;000128806241;00;000000600.00;000;0000;86;11/18;041218;3200                                    ;030119;
5465532393566335;0000000;000137689236;00;000000193.00;000;0000;61;11/18;041218;1367                                    ;030119;
