107465          00000202308250000000000168730000800100000000000000000000000000000000000000000000000000000000000000000000000000000000000000000000000000                                                                     0
007465          000000830008 031003081960012101                   COBROCUOTA           20230829080000000145000000000000000000000000000000000000000000000                      CUOTA                                        0
007465          000000110110 03001100140085147                    COBROCUOTA           20230829080000000170000000000000000000000000000000000000000000000                      CUOTA                                        0
007465          000000110110 03001100140085146                    COBROCUOTA           20230829080000000086000000000000000000000000000000000000000000000                      CUOTA                                        0
007465          000000830008 03100393843001137                    COBROCUOTA           20230829080000000367000000000000000000000000000000000000000000000                      CUOTA                                        0
007465          000000860055 00280003711048833                    COBROCUOTA           20230829080000000295000000000000000000000000000000000000000000000                      CUOTA                                        0
007465          000000860055 00280000053134231                    COBROCUOTA           20230829080000000085000000000000000000000000000000000000000000000                      CUOTA                                        0
007465          000000830008 031003942310011102                   COBROCUOTA           20230829080000000030000000000000000000000000000000000000000000000                      CUOTA                                        0
007465          000000830008 03100268273005145                    COBROCUOTA           20230829080000000129300000000000000000000000000000000000000000000                      CUOTA                                        0
007465          000000340294 008294401541008107                   COBROCUOTA           20230829080000000170000000000000000000000000000000000000000000000                      CUOTA                                        0
007465          000000110297 030029702576229134                   COBROCUOTA           20230829080000000077000000000000000000000000000000000000000000000                      CUOTA                                        0
007465          000000140361 00363585006449315764                 COBROCUOTA           20230829080000000025000000000000000000000000000000000000000000000                      CUOTA                                        0
007465          000000170215 040000007684614151                   COBROCUOTA           20230829080000000108000000000000000000000000000000000000000000000                      CUOTA                                        0
